"beta_0","beta_1","beta_2","lambda"
"1",2.39697150885761,-2.41409927002559,-5.11666665139808,0.042191242519274
"2",2.60822233941446,-2.02832021969944,-6.5595921037332,0.048447913001258
"3",2.54772232377404,-1.88723495702459,-6.66854433815048,0.0491499111515245
"4",2.07714780956172,-0.252779702563217,-7.98000812403541,0.0676722688967723
"5",2.43431197007139,-1.49512395787687,-6.83181302956177,0.0569093185259105
"6",2.3712704482007,-1.59101233037572,-6.50377824874384,0.0519915953991047
"7",2.302190057005,0.040705324406034,-9.06047038018567,0.0676722688967723
"8",2.62316416073455,-1.15390510096784,-8.03722418445302,0.0569093185259105
"9",3.60668049363563,-3.62762203336972,-6.18381915182965,0.0365908586286454
"10",3.93442783593799,-4.09960342274209,-6.13860828098777,0.0320052639742549
"11",3.86144924157539,-3.93844895643875,-6.43630982372532,0.0314678990382632
"12",4.11194722661574,-4.22055635358834,-6.66381176289866,0.0291518069227628
"13",4.23118685135617,-4.35343550560948,-6.16026920822076,0.0254317466787107
"14",4.16868999355259,-4.6325780049309,-4.81777615506886,0.0171602448516936
"15",5.19582885752141,-5.59318292223214,-6.2442213209287,0.0149353418640891
"16",4.93016781654159,-5.24079839810638,-6.332977175862,0.0149353418640891
"17",4.46891768329014,-4.8418472127019,-5.37022813543116,0.0149353418640891
"18",5.34241481826177,-5.67994630732991,-6.13627882273687,0.0149353418640891
"19",5.83572533363544,-6.13753890290021,-6.78009738769108,0.0149353418640891
"20",6.41958013067055,-6.54508042757775,-8.13166512342465,0.0149353418640891
"21",6.28801913477019,-6.43386256454752,-7.94870884632457,0.0149353418640891
"22",6.19700039370016,-6.40612182640561,-7.33870640392375,0.0149353418640891
"23",6.02291253557297,-6.29104124895892,-6.66639997881764,0.0149353418640891
"24",5.78533719328542,-6.02944863125675,-6.15187630924097,0.0153194062978224
"25",4.17408014448836,-4.24556880690103,-5.48409749688162,0.0221209998324953
"26",6.33748273708428,-6.4459067574866,-7.1763440354618,0.0149353418640891
"27",7.80881215125096,-7.79336835802492,-9.10658201102588,0.0149353418640891
"28",6.19846293159929,-6.41118561321626,-6.13048341313771,0.0149353418640891
"29",6.54213407936411,-6.73875692457206,-6.31347157606265,0.0149353418640891
"30",4.42093139743334,-4.33899024332571,-5.53952233715525,0.026355227344774
"31",6.39957453622204,-6.4778375743481,-6.90706782870133,0.0149353418640891
"32",4.68950779709239,-4.66330237276427,-5.63666075704203,0.0149353418640891
"33",5.83611842468727,-5.60366025826708,-7.71614171379129,0.0149353418640891
"34",6.52528273045107,-6.27089478534297,-8.1285003913667,0.0149353418640891
"35",6.47330691064748,-6.14485296088014,-7.95610828545051,0.0149353418640891
"36",6.98982579132231,-6.60314003922413,-8.35167787422551,0.0149353418640891
"37",7.07262027655834,-6.82039617699509,-7.68535574092223,0.0149353418640891
"38",5.8551953856296,-5.66655814101137,-6.2954202337426,0.0181107393868124
"39",7.66677343111965,-7.60029175331981,-8.07446375112147,0.0157883198506057
"40",8.4994787375378,-8.42114072661832,-8.68031530629269,0.0149353418640891
"41",9.18370691664351,-9.02277819070943,-9.48007228294206,0.0149353418640891
"42",9.03906467570615,-8.86697689911256,-8.85603660027592,0.0149353418640891
"43",9.61723911074906,-9.36845702955075,-9.09978160711875,0.0149353418640891
"44",8.99812436882898,-8.84437424474606,-7.67826664971567,0.0149353418640891
"45",10.3956210408465,-10.1233740061381,-9.467529415757,0.0149353418640891
"46",11.1984070796401,-10.9198723666596,-10.294552769957,0.0149353418640891
"47",10.6137921165573,-10.3576629387025,-8.84633832326915,0.0149353418640891
"48",9.35001221126198,-9.32086237078199,-5.78096080060482,0.0149353418640891
"49",9.20433083161622,-9.17490476754513,-5.97621124489322,0.0149353418640891
"50",7.60377581649688,-7.4025732402902,-3.45977264027483,0.0149353418640891
"51",9.33216815107346,-8.71184976798124,-6.4866995575959,0.0149353418640891
"52",7.40292970604783,-6.9952820047245,-3.58389829211179,0.0149353418640891
"53",8.46259215976187,-7.85833435206266,-5.77005676123456,0.0149353418640891
"54",7.83658478649721,-7.19739823466209,-4.85063762994852,0.0149353418640891
"55",7.71889610136437,-7.31577839058976,-5.53905937332018,0.0149353418640891
"56",7.88073282872189,-7.35860308138162,-5.5499533020396,0.0149353418640891
"57",6.78233530798928,-6.40333014246268,-2.64256259046341,0.0149353418640891
"58",3.79511063951904,-1.66899062550384,-6.35555204938865,0.0717147697294248
"59",0.0382005592486,-0.769132140162341,9.41935793473448,0.0163998645999838
"60",2.7986214325283,-2.20387613485188,7.3757827643816,0.0182023329594228
"61",4.22711531545211,-4.6261506268141,1.17414121791529,0.0551693666668495
"62",3.99460322608766,-4.08149307014653,-0.0221064793314222,0.0498121718844811
"63",4.42755423015903,-1.64769563039757,-6.11464468541475,0.0747002617866043
"64",3.36010938975619,-2.74534203145224,4.66248215757266,0.0149353418640891
"65",3.16400912937508,-2.63120645276223,5.82886877704477,0.0149353418640891
"66",4.95774718923353,-0.148067676556771,-10.3297664277035,0.0747002617866043
"67",4.96757142298869,0.812072217732295,-11.7624100860259,0.0747002617866043
"68",9.93920195984144,-8.69613584730444,-6.81475935858851,0.0166234356393897
"69",8.28517912388081,-7.79534113319986,-2.32724025092385,0.0149353418640891
"70",8.73731396823718,-7.88901024670633,-3.29788361388753,0.0149353418640891
"71",8.27540603530505,-7.63372827265707,-2.20882656289288,0.0149353418640891
"72",6.77671510597442,-6.43524713997587,0.00819455374448444,0.0153856019567303
"73",6.32160864424183,-6.06947187709833,0.00657322507658762,0.0175789264203863
"74",6.12547086906356,-5.82192475677367,0.0121699237055179,0.0182023329594228
"75",6.0318188330292,-6.02562223892139,0.0151061220779862,0.0208440552748633
"76",5.53391439338264,-5.44358507099849,0.00373304061954969,0.0254317466787107
"77",6.2411462085982,-6.18030476555842,-0.00670842892966907,0.0216022365350448
"78",6.35942256962024,-6.03917257017899,-0.0116726196032917,0.022559875701416
"79",5.96457835095007,-5.81361925059139,0.00686062819516336,0.0243908537805799
"80",6.20417760942688,-5.60887546396135,0.0126994329632958,0.0195802593130712
"81",6.54267440573388,-5.83341726850655,0.00925157947849515,0.0173921558114242
"82",7.17454572074967,-6.2640631335473,-0.347767639597341,0.0149353418640891
"83",6.21655194752485,-4.82845822807479,-0.0030097931092758,0.0157883198506057
"84",6.17010021724446,-3.86178982235313,-1.8360606841501,0.0149353418640891
"85",7.52478218469399,-4.96578813212068,-3.59622800486829,0.0149353418640891
"86",6.51064511099181,-3.52568388015737,-1.71269745591512,0.0149353418640891
"87",7.07121132646009,-2.77161004014625,-4.40087924794228,0.0149353418640891
"88",6.73285513559469,-2.19789329761235,-4.18351248312032,0.0149353418640891
"89",5.81683886359702,-1.10666246885647,-1.73358846446808,0.0149353418640891
"90",5.66772029970419,-0.815557657110751,-1.68640777523479,0.0149353418640891
"91",6.03550053329567,-1.82185875497746,-2.58900791109789,0.0149353418640891
"92",5.80662048116933,-1.96115446562324,-2.06786006693512,0.0149353418640891
"93",6.80043659281515,-3.16650567123356,-4.2190704304702,0.0149353418640891
"94",5.27422536046852,-1.74120555542578,-2.80663922838538,0.0306416771767308
"95",6.586426198405,-2.78794840953599,-3.56413835125623,0.0149353418640891
"96",4.72365131290639,-0.173513438408849,-1.98282029986798,0.0527604711359729
"97",4.71889048971003,-0.535070092049323,-1.66153060955749,0.0377516979196615
"98",4.79467815930402,-0.716765016768737,-0.73400073825842,0.0280143195637185
"99",4.71043402374207,-0.62025634815451,-0.742372273890821,0.0311955928813313
"100",4.6429597921395,-0.395750767676517,-0.780360478067579,0.0453922241000843
"101",4.78728537165257,-0.363360205269949,0.000421409658028851,0.016214503128302
"102",4.76816995628772,-0.460343077911441,-0.00104546708666744,0.0348178761752558
"103",4.60006559698517,-0.374262900814582,-0.178550884535134,0.0149353418640891
"104",4.50289584588613,-0.393895117722298,-0.482631641359949,0.0245789020316864
"105",4.6352527707902,-0.648724485797816,-1.04981404172853,0.0149353418640891
"106",4.4174069488935,-0.5198078422218,-0.207990804182989,0.0153194062978224
"107",4.4773120377305,-0.578259136686205,-0.376692144841033,0.0149353418640891
"108",4.36720163642558,-0.570823986402406,-0.676837408179001,0.0149353418640891
"109",4.39898202617,-0.658324941125176,-0.972456893272366,0.0149353418640891
"110",4.42881971217048,-0.782549201591356,-0.622756015109702,0.0149353418640891
"111",4.61571085936693,-1.00517668849216,-1.04214041836843,0.0149353418640891
"112",4.73317826688002,-1.2541079459328,-0.624153070868083,0.0149353418640891
"113",4.67894856124344,-1.30182606123981,0.00162266730163961,0.0155575527302897
"114",4.68606715849525,-1.48260822219762,0.000419984696737524,0.017665054873006
"115",4.60291793536692,-1.57944104796558,0.00233184816634238,0.0224119703519816
"116",4.57268853737133,-1.52783458090308,-0.00366853950146859,0.0206030004491664
"117",4.42211812110033,-1.41186332603229,-0.126888389270267,0.0149353418640891
"118",4.32666583883057,-1.58434998494843,-0.145855567809838,0.0149353418640891
"119",4.41717874714616,-1.71988972118388,-0.76709245122771,0.0149353418640891
"120",4.55497534819336,-1.95466487983477,-0.805450892484605,0.0149353418640891
"121",4.77520327102839,-2.33912638683125,-0.549623374442704,0.0149353418640891
"122",4.73339011384175,-2.58025692629008,-0.725612946504779,0.0149353418640891
"123",5.28866180570218,-3.32665364077031,-1.97180720592635,0.0149353418640891
"124",4.63623617122142,-2.66012996305489,-2.05872138118767,0.0269502651269437
"125",4.44323107212807,-2.27576784820608,-2.97683640612487,0.0373537484857353
"126",4.37387802175514,-2.36325277179615,-2.94408989852021,0.038159090330518
"127",5.47615830000044,-3.66082017606897,-1.3933302739294,0.015624570337738
"128",4.78629570678148,-2.76258558325321,-2.17723819642177,0.0320052639742549
"129",5.14528955123321,-3.14522204285262,-1.2698537663492,0.0239250422906245
"130",4.88642032283027,-2.80082817442728,-1.71497790058273,0.0271731083547139
"131",4.67785467154545,-2.16002694295459,-3.5392074341054,0.0448204352049977
"132",4.72887109193114,-1.94190440152369,-4.39588625551198,0.0505136524593649
"133",4.88128536945242,-1.90479472998482,-4.90162998871169,0.0560367326039086
"134",4.96358791305497,-1.94778889434108,-4.94764852576876,0.0588015278902077
"135",5.10313860847586,-2.66336296270489,-3.43498867705576,0.0512476409087701
"136",5.2640928974655,-2.91884014889266,-3.64562875240959,0.0498121718844811
"137",6.87786695182905,-4.77143042347147,-1.13229933823258,0.0149353418640891
"138",6.50198700846112,-4.45076429120055,-0.0517109740331581,0.0149353418640891
"139",6.08609807290346,-4.38486574736246,0.00445292929433838,0.0190708653731119
"140",6.18975045884972,-4.63705555087452,-0.00688528223456449,0.0173409615186139
"141",6.08796478966856,-4.70213030085379,-1.48950852450818,0.0220186154262495
"142",6.12792217799654,-4.55820167995219,0.0112872328697478,0.0168520953261415
"143",6.23748677987268,-4.6629126600146,0.00409387379008409,0.0168520953261415
"144",5.71007988294805,-4.11112427100756,-0.00544537103848575,0.0234378681790235
"145",5.73265009557643,-4.00674885287504,-0.00552194846957134,0.0239250422906245
"146",5.85591710292227,-4.14369303359271,-0.0017981112105149,0.0202525229954185
"147",5.86387429436672,-4.11044029101512,0.00922132810779245,0.0183883881857839
"148",5.70108417532607,-3.81705512156704,0.00860442669285505,0.0187722580487224
"149",5.20630996170188,-2.35388965299113,-5.60631864529243,0.0578389648504716
"150",4.95715090107119,-2.18631369488002,-5.75387385433074,0.0535118496170454
"151",5.08862674875248,-2.17031041540033,-5.45313371322333,0.0543280606881228
"152",5.24630032990727,-1.41520566329855,-6.54916326109558,0.0651964022217228
"153",5.1209693926605,0.119211431486718,-8.96997867026819,0.0747002617866043
"154",5.10548725975107,-0.4879610845922,-8.11527662680759,0.0690037694533117
"155",5.28278878344248,-0.92922999384996,-7.35744000907408,0.0690037694533117
"156",5.27499662387226,-0.8189436734972,-6.88521644402037,0.0747002617866043
"157",5.54041554626065,-2.08561088972414,-4.7617576689362,0.0607905799498988
"158",5.53811099601084,-2.08040549904978,-4.45863184505006,0.0607905799498988
"159",5.65430395492107,-3.04162440816674,-1.31126003919509,0.0303828785414325
"160",5.58231733157421,-2.85491221080557,0.00677090373193822,0.026586476042351
"161",5.0325843478958,-1.97990320436654,3.0916721750374,0.0149353418640891
"162",4.93107463024967,-1.51777363458381,3.17002873884967,0.0149353418640891
"163",4.90088630208725,-1.41681487677291,3.42619765427028,0.0166955125885371
"164",5.77757157000651,-2.50056888472262,-0.0117760426380086,0.0432032635170383
"165",5.78613262456583,-2.46069474676988,-0.00793408183285704,0.0432032635170383
"166",5.6005858191837,-1.29774062413754,-3.479467541565,0.0747002617866043
"167",5.64281429907876,-1.24592851419132,-4.02979083317302,0.0703314013368433
"168",5.74054618664504,-2.15168075581961,-3.10638822590163,0.0560367326039086
"169",5.59355317398733,-2.26015365743695,-3.23706307303536,0.0491499111515245
"170",5.95368840580009,-2.45562442443886,-3.70840110728439,0.0442756175611505
"171",6.0894974314116,-1.66704701012869,-4.78913981014274,0.0505136524593649
"172",5.8736539785749,-1.25290487276227,-3.68606301803246,0.0498121718844811
"173",6.04182646489291,-1.32544603764882,-3.34018844631727,0.048447913001258
"174",5.89945171503187,-1.08216883876723,-3.30171554223288,0.0527604711359729
"175",6.01735955646012,-1.38488829184099,-2.36502462890462,0.0402898887173646
"176",5.86222252973418,-1.17406207139117,-2.50364949667365,0.0389837531755229
"177",5.60875475358695,-1.10134049065725,-1.98540873383653,0.0369653647407159
"178",5.62513965192729,-1.07369382879919,-1.52688745707296,0.0341506052156821
"179",5.51855103007684,-0.888543737889664,-1.73684688491162,0.0427224542265408
"180",5.3682915996572,0.00764682220318069,-2.12944145081307,0.0640485985888606
"181",5.50591428270872,0.0377357190267899,-1.35443741522904,0.0747002617866043
"182",5.66687686876937,-0.370302357768061,-0.98578750986265,0.0453922241000843
"183",5.63360788140731,-0.395727331478744,-0.655823756543893,0.0551693666668495
"184",5.204611554789,-0.0159832393584898,0.684531540256697,0.0149353418640891
"185",5.44245399084383,-0.412025876043916,0.695336538572466,0.0149353418640891
"186",5.1299613223172,-0.343911422370577,1.28863532484294,0.0149353418640891
"187",4.58652702367078,-0.0503739725374573,3.22302809090211,0.0149353418640891
"188",5.08001410178536,-1.07160366995495,2.80862244326662,0.0149353418640891
"189",5.04306499693838,-1.0731831220462,3.18136933903283,0.0149353418640891
"190",5.00350929457817,-1.25370999319623,4.1744868592101,0.0149353418640891
"191",6.36858400876245,-2.67582806167749,-1.71908729205506,0.0543280606881228
"192",5.70997395187241,-2.17511218659575,1.94622311578062,0.0155575527302897
"193",5.08649325870576,-1.85149615738011,3.22513104571345,0.0149353418640891
"194",5.26007082733211,-2.0868338336742,3.9789777494943,0.0149353418640891
"195",5.2527064437712,-2.56034630311419,3.94354448737397,0.0149353418640891
"196",5.83040408251974,-2.36445387807453,-3.63189449309603,0.0651964022217228
"197",5.34671757387621,-2.94021416604069,2.96084159727217,0.0149353418640891
"198",5.57525472727885,-2.72765073963961,-3.04439325951876,0.0453922241000843
"199",5.68816767604023,-2.96319451827957,-3.58857548620511,0.0351694256756588
"200",5.36855346201643,-2.5943178637955,-3.17333171948319,0.0344810612828002
"201",5.11454351689269,-1.82093334448124,-3.36007554578867,0.0459717393416036
"202",4.70548687494642,-1.41789000686309,-2.92557548071805,0.0498121718844811
"203",4.50171260406251,-0.821765548847668,-3.62055795790477,0.0551693666668495
"204",5.16223895663347,-1.73854772105185,-3.34582795099294,0.0325885714825556
"205",7.14420967270011,-3.91042338038481,-3.69794837243116,0.0151931696132189
"206",4.81948865069038,-0.651835382444171,-3.70032695384716,0.0651964022217228
"207",5.48287965659484,-1.75081206012585,-3.03788694868582,0.0298781795514212
"208",7.27586997677379,-3.74068034341097,-3.18160585574518,0.0149353418640891
"209",5.40398763079301,-1.40655886934699,-1.86966782718543,0.0459717393416036
"210",5.45377248741979,-1.57727447135833,-1.56394129230827,0.0478041728792922
"211",6.25528994138652,-2.50367776189032,-0.119843896402066,0.0149353418640891
"212",3.8274408460418,-0.242077867011655,4.3549412181129,0.0149353418640891
"213",5.45998857697937,-0.741452425696848,-3.14887561821592,0.0731814364508241
"214",6.04289910861193,-2.1192353207426,-2.25195036906508,0.038159090330518
"215",6.03861908525708,-1.69049834423486,-3.36836674907164,0.0512476409087701
"216",6.22362184651387,-1.75107370302205,-3.1652010522892,0.0535118496170454
"217",5.08660769379296,-1.46697078071812,3.9894254062121,0.0149353418640891
"218",6.37599051573399,-1.63295367137429,-3.38613772877391,0.0676722688967723
"219",6.43035227055264,-1.91584430175538,-3.7337800628848,0.0618197155239242
"220",7.04180939293665,-2.81691769239261,-3.33459624401007,0.0459717393416036
"221",7.24629472549614,-2.86375049163053,-4.4069120540292,0.0416996502472214
"222",7.82109910737619,-3.30846064175013,-6.14656988155738,0.0448204352049977
"223",7.22501264444011,-0.89656503538495,-8.16402599584975,0.0747002617866043
"224",7.96678649803648,-2.99838560396776,-6.49167138442031,0.0498121718844811
"225",7.41083634106432,-2.75832399097763,-4.71595176921342,0.0578389648504716
"226",7.54677200535718,-1.45571802650373,-8.54617407254882,0.0560367326039086
"227",7.9183028032277,-2.09264875652139,-9.10160239125252,0.0551693666668495
"228",7.87627418099464,-1.85478668263539,-9.27000883559528,0.0597645076047369
"229",8.71387735721014,-4.15770790717533,-6.60438340941585,0.0377516979196615
"230",8.17885407438176,-2.8372315840691,-7.03733883067351,0.0551693666668495
"231",9.11838644368997,-2.91794038802323,-9.42488869356288,0.0505136524593649
"232",8.6349400743187,-0.265393744017073,-11.4402720270729,0.0747002617866043
"233",8.74448346186366,-2.35822085623977,-7.88923798761875,0.062922845405871
"234",9.0353980430854,-4.05926875401146,-5.30007906725022,0.0505136524593649
"235",9.15744868408164,-3.909659685114,-6.43822900841032,0.0512476409087701
"236",11.9700648417393,-7.81875037807113,-2.41895029633443,0.0149353418640891
"237",10.1682859022793,-5.42874768151825,-2.80803170618104,0.0269502651269437
"238",9.12770772329589,-3.01420580750157,-6.74671457821747,0.0551693666668495
"239",10.1845120082388,-4.81639178260706,-6.48215037458999,0.0320052639742549
"240",13.5666460123765,-8.29202919494602,-6.34149388024359,0.0149353418640891
"241",14.2636204328969,-8.56310631750998,-7.12864438486193,0.0149353418640891
"242",13.7314468643292,-7.79467019883254,-5.4745885967925,0.0149353418640891
"243",9.77737498553246,-3.73452378226938,-3.17639228514019,0.0398523409893996
"244",11.6273872501567,-5.6817016799049,-1.74313262586538,0.0149353418640891
"245",12.6224230456118,-6.17590893633256,-3.543563055635,0.0149353418640891
"246",9.90524190100351,-3.54403332380948,0.00481277975868463,0.0239250422906245
"247",13.805080021158,-7.0825698977986,-5.87058347659549,0.0149353418640891
"248",13.2583825189455,-6.15146646052821,-3.95531951712617,0.0149353418640891
"249",12.7288846718925,-5.57190050666323,-2.48034181295661,0.0149353418640891
"250",9.92943379838898,-2.94010345562244,-0.00850782167813455,0.0309281829508338
"251",10.8740499763523,-3.67194771924829,0.00139315118707862,0.0166955125885371
"252",9.24063315825742,-3.20408336329158,2.69293719231927,0.0478041728792922
"253",9.85632497843432,-3.23098637787892,0.00344053622070574,0.0338263601123762
"254",9.62752347017559,-3.99931221885678,0.0129284791759344,0.0664077713632708
"255",9.86939460961383,-3.06986984969279,0.00828794025761142,0.033195917782063
"256",6.25791649574305,0.241608042755435,7.79796816667686,0.0149353418640891
"257",8.73025095453913,-2.49765788407593,2.8405067620428,0.0149353418640891
"258",8.74218167021427,-2.58771900534837,2.87312119838934,0.0149353418640891
"259",5.76133136381141,-0.185118438268651,7.20987495593038,0.0149353418640891
"260",8.15641264198595,-0.264255891597665,-4.91650188710147,0.0747002617866043
"261",8.18076980242498,1.33415684718583,-7.76334219202729,0.0690037694533117
"262",7.35023754482266,0.632941993706201,-3.91603183709152,0.0747002617866043
"263",7.89215256643611,0.194258751991657,-7.20230221893332,0.048447913001258
"264",10.6228098778225,-3.94663926728431,-6.4813561687138,0.0190708653731119
"265",12.5291316241394,-5.57795333186724,-8.58005091452689,0.0149353418640891
"266",11.740447818878,-4.64115595522629,-7.48195510474271,0.0149353418640891
"267",11.7157611887745,-4.43683087925869,-6.86244846360881,0.0149353418640891
"268",12.4709556065043,-5.16083982740257,-7.25344619493044,0.0149353418640891
"269",12.2632216873846,-4.6801461019635,-5.69208274890437,0.0149353418640891
"270",13.2351279289018,-5.06703263324381,-7.14803594172591,0.0149353418640891
"271",13.5682521364259,-4.96645813816526,-7.54025677901331,0.0149353418640891
"272",13.2046193016036,-4.0169158312948,-7.46434722062015,0.0149353418640891
"273",13.8098562003801,-4.41693643145875,-8.95485786645598,0.0149353418640891
"274",13.8257247738196,-4.06490169354805,-8.68968001228614,0.0149353418640891
"275",15.8939053730591,-5.37351306358161,-12.5111985434664,0.0149353418640891
"276",10.3541039435373,-1.34728722246187,4.52800220140056,0.0747002617866043
"277",10.5343178642128,-2.18934075630739,4.67670980160776,0.0747002617866043
"278",10.6393180503452,-2.69950353138284,5.10960883763765,0.0747002617866043
"279",10.6712649089668,-2.73915018038781,5.37425702354375,0.0747002617866043
"280",10.5354077878341,-1.67666387984076,4.01393069230144,0.0747002617866043
"281",10.0590257566389,-1.81925509019472,4.76171341480213,0.0747002617866043
"282",15.7006548185787,-3.52382535272391,-12.3406001945529,0.0149353418640891
"283",16.4035166206743,-3.84860713719049,-14.0235783293542,0.0149353418640891
"284",17.4747866278092,-4.61989391890807,-16.1521567737312,0.0149353418640891
"285",18.433986132006,-5.12557435013433,-17.9350158977279,0.0149353418640891
"286",18.0619828385305,-4.87430465746155,-17.5151377062131,0.0149353418640891
"287",18.9959135774714,-5.74405376001847,-20.990805377115,0.0149353418640891
"288",19.9738516517858,-6.87763406481215,-22.7590399938458,0.0190708653731119
"289",19.990552312422,-7.58615986128138,-21.7371573781834,0.017665054873006
"290",19.9024789616113,-8.1646384709904,-19.9126631647604,0.0153856019567303
"291",19.9902099160287,-8.50312353910524,-21.0558311281595,0.016214503128302
"292",19.8993528363158,-9.01981907648986,-19.4020231584267,0.0149353418640891
"293",18.8543940306523,-8.26198255862428,-17.1827077247435,0.0149353418640891
"294",8.70828722686626,-8.36076615387305,13.4723744872519,0.0747002617866043
"295",16.6504691932548,-6.4890160516368,-13.3479330276516,0.0149353418640891
"296",8.22803336325761,-8.08839011085767,13.0228566047424,0.0747002617866043
"297",7.83899966438291,-11.465791153776,17.7667497243926,0.0747002617866043
"298",7.58648060322114,-13.3041845650001,20.7589111298354,0.0747002617866043
"299",7.26219421276697,-15.3660458590696,23.9531496659903,0.0747002617866043
"300",7.23079669401715,-14.2575424399531,22.4584202653571,0.0747002617866043
"301",7.48735831842136,-12.7698270627583,19.5497823428275,0.0747002617866043
"302",7.32736069117796,-13.5610103571742,20.7983078582741,0.0747002617866043
"303",6.98380605241027,-15.9082755789089,24.7202111675749,0.0747002617866043
"304",6.66116160910347,-18.387847059865,29.5038868779691,0.0747002617866043
"305",6.6765653454675,-18.7673618171122,29.9072840246728,0.0747002617866043
"306",6.71283865184089,-16.0140135215849,25.4000003226748,0.0747002617866043
"307",6.67498535140733,-15.844154751388,25.0998849003525,0.0747002617866043
"308",6.38692398545747,-17.6744974997886,28.047459258477,0.0747002617866043
"309",5.62343019118228,-34.2149470649936,50.5595235308484,0.0747002617866043
"310",6.99844458670461,-26.3441101139611,33.3290860116072,0.0747002617866043
"311",6.94492311223182,-27.2678780140916,35.3665923403172,0.0747002617866043
"312",7.27017147064061,-25.4219467993254,32.2530426560808,0.0747002617866043
"313",7.12590776406771,-26.9330414304734,35.4184323072472,0.0747002617866043
"314",7.00970518494859,-28.2545711400072,37.9306020084348,0.0747002617866043
"315",6.78758333739911,-30.129062664666,41.5777579596285,0.0747002617866043
"316",6.50934957448436,-32.6902095014037,46.5839497358672,0.0747002617866043
"317",6.56336053165578,-32.6635808612125,47.0034183041046,0.0747002617866043
"318",6.58365237899803,-33.4340870469796,48.6640537665637,0.0747002617866043
"319",6.51744068787159,-33.5713319419947,49.2406457707211,0.0747002617866043
"320",6.59535439664162,-33.3914772925895,49.2143132634209,0.0747002617866043
"321",6.75117958723825,-32.6132628358302,48.1575114338414,0.0747002617866043
"322",6.97812706733596,-31.7242387692158,47.3120940078293,0.0747002617866043
"323",7.15282297570191,-30.0970792078329,44.483333540846,0.0747002617866043
"324",7.40699803875095,-29.1958672817411,42.596099575257,0.0747002617866043
"325",7.44971279761717,-29.2670969296506,42.3107789065665,0.0747002617866043
"326",7.73442230877504,-27.3300536876129,40.1849060502875,0.0747002617866043
"327",8.14326583295707,-23.6635287685065,33.0460820478452,0.0747002617866043
"328",8.36094217237514,-22.4249144041141,30.6988235775425,0.0747002617866043
"329",7.93581058074108,-24.6704323320595,35.4894912419749,0.0747002617866043
"330",7.75751087055539,-29.3688157869555,42.2515639414991,0.0747002617866043
"331",8.01826458611969,-25.4219674633013,34.6110419186049,0.0747002617866043
"332",8.12267474291411,-22.6909697263505,28.8451681304524,0.0747002617866043
"333",8.18874496678115,-19.274672590197,23.1512805529774,0.0747002617866043
"334",8.60564059005801,-15.1120202478687,15.4846100456326,0.0747002617866043
"335",8.82109808438538,-12.2459804044793,11.8672227565258,0.0747002617866043
"336",8.82127397378567,-11.0093193465676,10.7777321384216,0.0747002617866043
"337",8.85873529057744,-10.6647785946826,10.2677800799241,0.0747002617866043
"338",8.87078453522831,-11.6695806352801,12.0230746850683,0.0747002617866043
"339",8.86948747211961,-11.9706001254892,12.3215512445744,0.0747002617866043
"340",8.79150494047199,-11.6085836519847,11.8569690033844,0.0747002617866043
"341",8.75034927778222,-11.268675391929,11.3436095201212,0.0747002617866043
"342",8.88953060095364,-11.0616602847348,10.7015917895556,0.0747002617866043
"343",8.83232923247499,-12.6088937741856,12.9706125371895,0.0747002617866043
"344",8.95844541030333,-13.2584037636254,14.3775369060201,0.0747002617866043
"345",9.09174078891102,-12.1361736835555,13.0963172556246,0.0747002617866043
"346",9.17749131830186,-12.3132215724074,13.2013847710298,0.0747002617866043
"347",9.35684435142988,-10.0726615814674,11.5009086536389,0.0747002617866043
"348",9.71302984425749,-10.180782612467,13.4387432494864,0.0747002617866043
"349",9.65793223729658,-9.76153815049985,14.2417901566163,0.0747002617866043
"350",10.2860991345893,-7.073704550688,9.82314419880848,0.0747002617866043
"351",10.5825100270352,-4.34241620803979,5.1561728035537,0.0747002617866043
"352",10.7225721479045,-2.76321909066919,2.05839863258482,0.0747002617866043
"353",10.6202531095364,-3.67257007218522,3.38100627769176,0.0747002617866043
"354",10.8547860501691,-0.357638344618494,-2.4945582454057,0.0747002617866043
"355",10.6528637496624,1.27464453198178,-4.65184781713886,0.0747002617866043
"356",10.8577898289735,8.39355689288109,-15.78478171379,0.0747002617866043
"357",10.7386048510978,8.51798679272949,-15.392226341674,0.0747002617866043
"358",10.7913538924695,10.0693097243507,-18.5702038548727,0.0747002617866043
"359",10.2265903737538,8.85096720444077,-16.7450771656678,0.0747002617866043
"360",9.92426186463183,8.84100645778,-15.1241884094919,0.0747002617866043
"361",9.66585951477092,7.95078131663313,-13.1376957700643,0.0747002617866043
"362",9.58468981223541,6.95617827344965,-11.8325061043621,0.0747002617866043
"363",9.75203008458847,9.21973335292374,-14.7392963625629,0.0747002617866043
"364",9.57233033168096,7.27390235237802,-12.1568527506338,0.0747002617866043
"365",9.61226218066846,9.12127998964812,-12.9413235336766,0.0747002617866043
"366",9.48141977012392,7.71205270790949,-11.6828154722405,0.0747002617866043
"367",9.37151875876854,6.61422195461542,-10.8372115500079,0.0747002617866043
"368",8.918905175089,5.40606107136214,-9.45433014909264,0.0747002617866043
"369",8.66740340802983,1.87622395224574,-5.31984758129011,0.0747002617866043
"370",6.25865169460593,0.540759460081013,5.1771459283469,0.0149353418640891
"371",5.38848771194841,1.26624133210492,7.20213388951343,0.0149353418640891
"372",8.53429462808676,1.24953417301701,-4.14730375461452,0.0747002617866043
"373",5.75123588379228,1.29165616205154,5.43013915457999,0.0149353418640891
"374",8.28624142000231,1.21483964680673,-4.28582854722602,0.0747002617866043
"375",4.91997938820077,0.714648303058149,7.95700456495427,0.0149353418640891
"376",5.82470148035272,0.253849137378288,5.67450156572937,0.0149353418640891
"377",5.2392999961399,0.804716799977808,6.844548865584,0.0149353418640891
"378",4.42931062656271,1.31588668267399,8.71205779714339,0.0149353418640891
"379",4.31478257491972,0.94934360190347,9.32493551239986,0.0149353418640891
"380",4.46010360005472,1.00577289034343,9.03248375137741,0.0149353418640891
"381",7.86544329745184,-4.01460945985033,0.771553320942822,0.0747002617866043
"382",7.82426801856201,-3.63696612798927,0.0590101912834907,0.0747002617866043
"383",8.35409510369417,-2.64258494823699,0.00147029893324761,0.0291518069227628
"384",8.27667237126552,-0.0609997793889407,-3.86794385447259,0.0747002617866043
"385",8.34646092796427,0.772225598423936,-4.48779169123162,0.0747002617866043
"386",8.36569400521835,1.15577836389232,-4.79286166206896,0.0747002617866043
"387",8.40303020163036,0.90390797458595,-4.12809247989789,0.0747002617866043
"388",8.42782215311942,0.547963814357233,-3.42068678475712,0.0747002617866043
"389",8.54892398591484,0.864591337447925,-3.85287123155,0.0747002617866043
"390",8.56506370522371,1.63792079087032,-4.81066320279786,0.0747002617866043
"391",8.31840405930253,-0.149797347892231,-2.78571681359099,0.0747002617866043
"392",8.28750275273222,-0.311605522283512,-2.91550876493549,0.0747002617866043
"393",8.3198228217053,1.93549874883182,-5.58958941449758,0.0747002617866043
"394",8.26814721035551,1.14737197125513,-4.61458523968431,0.0747002617866043
"395",8.48046641517926,-1.64605120340592,0.000460978244804416,0.0207228249260674
"396",8.28708660670279,-2.86416747688976,1.68768649807395,0.0747002617866043
"397",5.13566561420664,1.98445031995533,7.7997916305323,0.0149353418640891
"398",4.40810935090372,2.81729119210011,9.24831681333227,0.0149353418640891
"399",6.54506529110922,1.22623147604559,4.49792802799124,0.0149353418640891
"400",6.07403843444528,1.30666335788916,5.76605417876852,0.0149353418640891
"401",4.63393176837698,2.3564073296275,8.81390754244394,0.0149353418640891
"402",5.49429702461881,2.44802198491519,6.42716641683996,0.0149353418640891
"403",6.92187802606177,1.03074864433461,3.09409311186241,0.0149353418640891
"404",8.32554352995657,0.500966368958254,-1.85797017711894,0.0747002617866043
"405",8.43421085993081,2.23886628979285,-4.25873617158292,0.0747002617866043
"406",8.32185037977048,2.16513365390671,-5.60559816569034,0.0747002617866043
"407",8.36892865337727,3.94721727324037,-8.71069082044596,0.0747002617866043
